  1.55545 -1.00055 0
  -1.24155 1.58778 1
  1.28068 -1.0224 0
  1.77437 1.05482 1
  -0.367452 -1.2792 0
  1.53072 0.869068 1
  1.94676 -0.19318 0
  -0.409286 0.140885 1
  -0.120431 -0.897728 0
  0.062235 -0.703286 1
  0.593705 -0.0481504 0
  -0.418995 0.806776 1
  0.817903 0.00130967 0
  -1.23152 1.64494 1
  -0.3754 -1.4395 0
  -0.847381 0.442845 1
  -0.576088 -1.56353 0
  -0.663861 0.794751 1
  1.34785 -0.834397 0
  0.117826 1.98215 1
  0.686704 -1.48214 0
  1.55519 1.2608 1
  0.43352 -0.279136 0
  0.162797 0.805606 1
  -0.0753269 -1.25022 0
  0.175191 1.53718 1
  0.671066 -2.05572 0
  0.335601 1.93174 1
  0.402658 -1.26319 0
  0.029859 1.46401 1
  1.71838 0.039567 0
  0.41219 1.59158 1
  0.738074 -1.95858 0
  -0.742588 0.941303 1
  1.83656 0.0141223 0
  -0.617839 0.187297 1
  1.61277 -1.16586 0
  -0.0438387 1.60209 1
  0.847909 -1.51069 0
  0.484569 -0.403343 1
  1.34171 -0.984208 0
  1.2073 -0.209977 1
  1.54586 1.92469 0
  1.12631 -0.0026138 1
  0.356883 -1.70975 0
  -0.486862 0.660894 1
  1.2423 1.77624 0
  -0.495973 0.734955 1
  2.16365 -0.11441 0
  -0.415337 0.702829 1
  1.13896 -0.911844 0
  -0.704202 0.808718 1
  -0.0194604 -1.47265 0
  0.247886 1.59439 1
  1.26936 -1.05359 0
  1.7439 1.84315 1
  1.66106 1.85686 0
  -1.31714 1.38954 1
  0.716526 -1.86744 0
  -1.86886 1.49514 1
  1.79057 -0.119122 0
  -1.05355 1.11612 1
  0.367477 -1.44622 0
  1.23407 -0.0424846 1
  0.728911 -1.86833 0
  -0.978127 2.21232 1
  1.72392 2.20621 0
  0.497435 1.66715 1
  0.597029 -2.00893 0
  1.24602 -0.0304718 1
  -0.166919 -1.36832 0
  -1.15686 2.24499 1
  -0.0281842 -1.46253 0
  -1.34592 1.68802 1
  1.51744 1.76501 0
  -1.0583 2.03494 1
  0.568163 -1.54726 0
  -1.1003 2.25113 1
  1.38364 2.15965 0
  -0.0134468 -0.0663747 1
  1.6153 -1.18373 0
  -1.48888 2.10945 1
  -0.586067 -1.06132 0
  1.41925 0.115992 1
  2.24442 0.250013 0
  1.47177 -0.234868 1
  0.193087 -1.47004 0
  -0.105821 0.919875 1
  0.915168 -0.816456 0
  1.35275 0.709619 1
  0.309318 -1.62206 0
  0.0895173 -0.711106 1
  -1.75356 0.428129 0
  1.14505 -0.133912 1
  0.798054 -0.301962 0
  -1.317 1.37641 1
  -1.54804 0.206433 0
  1.22609 -0.247291 1
  0.694353 -1.43388 0
  -0.643967 0.987824 1
  0.787119 -2.02737 0
  -0.15919 0.938465 1
  -0.506937 -1.60262 0
  0.352829 -0.54469 1
  0.724878 -2.03688 0
  -1.20688 2.18487 1
  0.663216 -1.77091 0
  -0.124045 0.994438 1
  0.0773659 -1.25861 0
  -1.22044 2.33027 1
  1.12859 -0.816334 0
  0.251448 -0.318932 1
  -0.327902 -0.980736 0
  -0.521022 0.755298 1
  -1.83328 0.108316 0
  -0.320124 0.331337 1
  0.0307538 -1.17981 0
  -0.604996 0.550897 1
  0.903503 -0.312817 0
  -1.45906 1.66605 1
  0.107908 -1.35177 0
  1.29966 -0.277452 1
  1.7146 1.65825 0
  -0.0325173 1.49019 1
  0.125237 -1.23143 0
  1.81504 2.18714 1
  -0.364045 -1.16472 0
  1.28974 0.883981 1
  0.414171 -1.69805 0
  -0.304758 1.20353 1
  1.2539 2.16344 0
  1.5345 1.90527 1
  1.2296 -0.718019 0
  -0.140089 0.964526 1
  -0.275169 -1.4242 0
  0.300266 1.6992 1
  1.87051 -0.205748 0
  0.0431458 1.14177 1
  0.00241918 -1.059 0
  -0.445926 1.05871 1
  1.35134 -0.670784 0
  -0.398736 0.842618 1
  1.23017 1.83391 0
  -0.659179 1.10424 1
  -1.77831 0.256997 0
  -1.50332 1.712 1
  -1.7177 0.294301 0
  -1.65411 1.36609 1
  -1.27872 0.188375 0
  0.226043 -0.748006 1
  1.09731 -0.74516 0
  1.37847 -0.235411 1
  1.41782 1.94039 0
  -0.688399 0.164639 1
  -0.214386 -1.13433 0
  0.291577 -0.533495 1
  0.472145 -1.80606 0
  -0.966615 1.04338 1
  0.621243 -1.53806 0
  0.989638 -0.105022 1
  0.182203 -1.50064 0
  1.84027 0.603214 1
  2.10655 -0.177965 0
  1.7599 1.04505 1
  1.75651 -0.41731 0
  0.435178 -0.844292 1
  0.970446 -0.506597 0
  -0.43978 0.682855 1
  1.40062 -0.805357 0
  -0.322443 -0.0333593 1
  0.686066 -0.104576 0
  -0.357254 0.041358 1
  0.506142 -1.78275 0
  -1.11146 1.87322 1
  0.872574 0.0134639 0
  -0.879786 0.739096 1
  1.14846 -0.775075 0
  1.41097 0.629156 1
  0.420263 -1.65396 0
  -1.54986 1.6266 1
  1.60666 0.107658 0
  -0.179092 -0.341302 1
  -0.284041 -1.53246 0
  -1.14246 2.4631 1
  0.80614 -1.62869 0
  -0.980042 1.65262 1
  1.35815 1.45974 0
  -0.262579 0.851146 1
  -1.4214 0.0377259 0
  0.324104 -0.558801 1
  0.537086 -0.028751 0
  0.352463 1.75948 1
  -1.44422 0.202941 0
  -1.18865 1.3017 1
  1.95898 0.0443769 0
  -1.39097 2.20683 1
  0.568864 -2.03031 0
  -0.547048 0.0607244 1
  -1.68505 0.290898 0
  1.73686 0.793386 1  
