  -1.25009 -0.290691
  0.655082 -0.0161375
  -1.40397 -1.08982
  -1.63091 -0.310489
  -0.068234 0.333069
  -0.316976 -0.296272
  -1.69277 -0.323004
  -0.0268896 0.308886
  -0.780905 0.00694225
  -0.613108 -0.5772
  0.410651 0.11846
  -1.86057 -1.74764
  -1.93565 -0.340164
  -0.0919363 0.369517
  -0.468847 0.0936882
  -1.95056 -0.331843
  -1.02187 0.768849
  0.501641 0.656486
  -0.607455 -0.703126
  0.197588 0.151635
  0.326838 0.682318
  -1.83931 -0.451436
  0.625095 -0.0110592
  -1.53757 -1.43069
  -0.136049 -0.806821
  -0.115076 0.185574
  -2.12961 -1.57533
  0.527158 -1.07917
  -0.389379 0.424388
  -1.108 -0.909819
  -1.01262 -0.631904
  -0.132756 0.313171
  -1.83046 -1.0643
  -0.332801 -0.85545
  -0.239242 0.379879
  -0.661103 -0.826054
  0.400837 -1.09987
  -0.607117 0.526189
  -0.886245 -0.82919
  -0.831404 -0.589747
  -0.518348 0.463026
  -2.07286 -1.84857
  -0.62807 -0.718008
  0.200468 0.132175
  -0.34849 -0.260909
  -0.0446784 -1.00281
  0.246406 0.259787
  -0.796011 -0.419693
  -2.54356 -0.183683
  -0.640795 0.599422
  -0.745843 -0.662685
  -2.04677 -0.211339
  -0.0755298 0.397299
  -1.07739 -0.782354
  -1.38731 -0.508085
  -0.224804 0.36963
  -1.65524 -0.843274
  -3.44619 0.232916
  0.074366 0.317503
  -1.72167 -1.49806
  -2.78247 0.0190571
  0.227079 0.116889
  -1.02473 -0.471516
  -1.53075 -0.447297
  0.290292 0.151187
  -2.11497 -1.72508
  -2.65965 -0.0168022
  0.108669 0.216567
  -0.794123 -1.02311
  -0.991364 -0.586589
  0.612107 -0.0485359
  -0.889969 -0.760479
  -1.671 -0.384188
  -0.776221 0.662478
  -0.435732 -0.242015
  -3.38102 0.181698
  -0.254179 0.357077
  -1.15116 -0.435511
  0.826381 -1.08532
  0.135369 0.207363
  -0.988955 -0.546123
  -1.60303 -0.452831
  -0.160493 0.329282
  -1.08161 -0.637535
  -2.38776 -0.0687228
  -0.659798 0.691151
  0.206864 0.751647
  0.0276255 -0.825535
  0.228755 0.203922
  -0.582584 0.126742
  -0.795675 -0.583909
  -0.328555 0.456072
  -0.421758 -0.345777
  -1.02753 -0.591232
  0.260562 0.165999
  -1.04921 -0.295829
  -1.75293 -0.282547
  0.339813 0.0454208
  0.0949389 0.746301
  0.872294 -0.891483
  0.0235391 0.235505
  -0.212792 0.00253788
  -2.96374 0.105116
  0.451572 0.046259
  -1.72129 -0.906946
  -1.3081 -0.307602
  0.339316 0.178058
  -1.46043 -0.968868
  -1.07057 -0.56138
  -0.44154 0.538861
  -0.379884 0.0392064
  -1.47727 -0.395654
  -0.376133 0.485622
  -1.10306 -0.378657
  -2.12123 -0.241438
  0.4559 0.0966637
  -1.2196 -0.716776
  -1.14638 -0.447083
  0.762686 -0.0419572
  0.177417 0.381669
  0.492329 -0.859551
  0.646895 -0.0115762
  -1.99289 -1.4706
  -1.57527 -0.251513
  -0.0362643 0.336679
  -1.10378 -0.297041
  -2.21905 -0.0935128
  0.769716 -0.0220526
  -0.13049 -0.0437362
  -0.724518 -0.673211
  -0.441594 0.456763
  -1.40305 -1.45239
  -0.381413 -0.679919
  0.590166 0.0400786
  -0.716369 -0.608314
  -1.61201 -0.380287
  -0.178483 0.350925
  -1.86096 -1.33788
  -1.84771 -0.313323
  0.26151 0.127486
  -1.32301 -1.12933
  -0.37349 -0.782652
  0.24537 0.128743
  -0.766769 -0.385754
  2.68325 -1.71058
  0.345863 0.131608
  0.46228 0.414343
  0.0256432 -0.97283
  -0.210114 0.428757
  -1.21953 -0.629614
  -0.844738 -0.663733
  -0.262359 0.384792
  -0.413421 -0.157861
  -1.9399 -0.363139
  0.419095 0.0914514
  -0.829498 -0.417033
  -1.16931 -0.519586
  -0.313667 0.442011
  -0.509009 -0.445908
  -1.67789 -0.277058
  -0.666048 0.624146
  -0.341042 -0.031438
  -2.14435 -0.167709
  -0.189765 0.405649
  -0.844703 -0.226562
  -3.13611 0.0651534
  0.428937 0.143226
  -1.06736 -1.24477
  -2.48492 -0.1673
  0.00956013 0.275816
  0.0316094 0.456965
  -2.35069 -0.0777668
  1.33622 -0.352152
  -0.15891 -0.211608
  -0.147855 -0.766634
  -0.193901 0.366218
  -0.187134 0.429979
  -1.52925 -0.382054
  -0.273667 0.401636
  -2.21779 -1.59934
  -1.05784 -0.581264
  0.182615 0.166523
  -0.502526 -0.177468
  -2.73509 0.0107086
  0.766618 -0.115171
  -0.693934 -0.221454
  -1.31004 -0.554837
  -0.311046 0.409266
  -1.90147 -1.539
  -1.11508 -0.55459
  -0.299668 0.378062
  -0.723488 -0.224528
  0.696583 -1.18762
  -0.0072052 0.30355
  -1.57962 -0.863565
  -0.310729 -0.710658
  -0.291716 0.398048
  -1.70039 -1.0055
  -2.43215 -0.0443724
  0.0817469 0.260182
  0.464291 0.597192
  -0.976789 -0.588481
  -0.378179 0.380376
  -2.18075 -2.14325
  -1.27647 -0.476322
  0.631554 -0.0575492
  -1.21826 -0.604298
  -0.854919 -0.555776
  0.0783114 0.370444
  -1.91053 -1.24539
  -1.90877 -0.241596
  -1.09212 0.776188
  -3.21266 -3.05014
  -0.414818 -0.603146
  0.962742 -0.114474
  -1.0837 -0.492303
  -1.835 -0.205749
  -0.51187 0.539203
  -1.84116 -1.46863
  -1.37676 -0.347391
  -0.419914 0.460742
  -1.6686 -1.54012
  -2.15376 -0.175794
  0.115309 0.195561
  -0.928142 -0.79382
  -1.21644 -0.517475
  0.34265 0.12801
  -1.18457 -0.639411
  -0.626899 -0.565694
  -0.419032 0.415468
  0.384514 0.83129
  -3.0074 0.0465061
  -0.455167 0.481165
  -1.57765 -1.25289
  -1.22268 -0.461323
  -0.571794 0.603552
  0.553489 0.733418
  -1.89775 -0.203256
  0.0166237 0.329718
  -0.809173 -0.758881
  -1.39465 -0.43354
  0.486508 0.0565087
  -2.51926 -1.97966
  -1.92191 -0.214651
  -0.261323 0.421365
  -0.596412 -0.559114
  -2.12575 -0.36209
  0.194216 0.235992
  -0.294029 -0.061444
  -2.11515 -0.0646533
  -0.0928646 0.301835
  -0.815954 -0.332354
  -0.868352 -0.576913
  0.504486 0.123735
  -1.94504 -1.59009
  -1.9553 -0.180698
  0.503929 0.112235
  -1.0155 -0.43922
  -0.121107 -0.96526
  0.333808 0.138853
  -0.551024 -0.107315
  -1.0722 -0.501874
  0.371079 0.113269
  -1.65576 -1.77738
  -2.31767 -0.323712
  0.389357 0.0955535
  -1.16603 -1.04206
  -1.71707 -0.138121
  0.280329 0.134045
  -1.27089 -1.04966
  -0.564565 -0.719404
  -0.0319946 0.276455
  -0.712127 0.0880478
  -1.16265 -0.548756
  0.730083 -0.0616074
  -1.6564 -1.03275
  -1.20656 -0.560412
  0.222386 0.182146
  0.322929 0.710163
  -1.93359 -0.214286
  -0.518365 0.59517
  -0.791885 -0.70209
  -0.655612 -0.902972
  -0.338871 0.47179
  -0.467465 -0.19672
  -2.13912 -0.121555
  0.246768 0.106019
  -1.00582 -0.344026
  -0.554704 -0.628202
  0.29423 0.186073
  -2.06727 -1.83513
  -1.26036 -0.473503
  0.265262 0.176101
  0.991922 0.763474
  0.0565773 -0.810015
  -0.190327 0.350665
  -0.152623 0.568348
  0.135273 -0.79707
  1.0087 -0.174804
  -0.583038 -0.289549
