  0.974633 -0.792363 -1.55824
  0.322351 1.8034 1.8891
  1.35589 0.389593 0.114214
  0.0859725 -1.0693 -2.02948
  -0.6436 -0.400372 -1.43223
  -0.88582 0.602299 -0.0590777
  -0.05727 -0.68016 -1.62127
  1.3165 -0.570268 -1.07097
  -1.2269 0.0372067 -0.670011
  -0.307733 -0.217767 -1.0776
  2.01961 -0.143457 -0.310584
  -0.346529 -0.474998 -1.62418
  0.624072 -0.437087 -1.24966
  1.50335 1.33349 1.51722
  1.00832 0.019365 -0.44385
  2.61706 1.87667 2.59865
  -2.26652 -0.0321358 -1.29284
  1.30894 2.11607 2.47544
  1.09092 1.04312 1.04046
  1.20046 0.469415 0.352557
  0.780383 0.0111708 -0.463614
  -0.10054 -1.40242 -2.61138
  1.21726 1.06692 1.17218
  2.33033 0.0444168 -0.0603761
  0.4038 1.44355 1.4526
  -1.35011 -0.320975 -1.5722
  -1.52264 -0.050186 -1.12542
  -0.61236 -0.782373 -1.79026
  0.0934571 0.36143 -0.192081
  0.602785 -0.128348 -0.853118
  1.4923 0.705827 0.486798
  -0.973672 -0.578001 -1.71765
  -0.0543634 -0.192952 -0.913405
  0.0864153 -1.98039 -3.42191
  -0.0877569 0.829806 0.395068
  -0.16916 -0.650094 -1.53461
  0.190051 0.590431 0.112188
  2.24335 -0.540746 -0.834482
  2.29005 1.75977 2.41157
  1.19283 -0.217893 -0.618301
  -0.0130601 -0.775068 -1.71921
  1.50782 0.26217 -0.0075728
  -0.495035 1.38466 1.14518
  -2.57561 0.0101092 -1.40083
  -0.550798 0.793548 0.314286
  0.33286 -0.790275 -1.74584
  0.600883 0.363704 -0.104026
  -0.967231 -0.124756 -1.06134
  0.86357 0.915796 0.880184
  -2.00479 -1.20705 -2.73107
  -1.5744 -1.06133 -2.49398
  -1.24246 -0.0532174 -1.03638
  -0.142512 0.437945 0.0117141
  -0.190588 -1.13174 -2.02514
  0.0717578 0.657072 0.233795
  -0.847836 1.68174 1.39365
  -2.61233 -0.160418 -1.47194
  -0.150264 -0.0907573 -0.756651
  1.01469 -1.21428 -2.01372
  -0.123068 0.730712 0.265598
  1.25154 -0.526393 -0.918618
  0.572973 -0.0325019 -0.449671
  0.744767 0.567598 0.0952907
  0.767336 1.28563 1.1117
  0.27401 0.0259356 -0.583271
  0.0387451 0.863472 0.307276
  1.37652 0.883576 0.864879
  -0.24544 -1.50491 -2.83699
  -1.01056 0.463139 -0.223184
  -0.266867 -0.7196 -1.69465
  -0.698632 0.320259 -0.451467
  -0.487443 -0.578519 -1.78539
  0.111006 -2.07078 -3.45287
  -0.688077 -2.78516 -4.82784
  -1.5226 1.12646 0.564719
  0.717233 0.685768 0.58831
  -0.380492 0.59173 -0.028383
  1.00786 -0.027513 -0.314784
  0.376207 0.463145 -0.153662
  -1.77862 0.336624 -0.573957
  -0.669653 0.093832 -0.678172
  -0.478987 1.15075 0.666276
  -0.275699 -0.811538 -1.81975
  -0.185535 0.161834 -0.566101
  2.39935 -0.560211 -0.890581
  0.478475 -0.380631 -1.1044
  0.0151748 0.413237 -0.211421
  1.8743 -0.17471 -0.471368
  -0.034751 0.165149 -0.764119
  0.440518 0.61982 0.255088
  1.41156 -0.15232 -0.397338
  2.04356 0.799842 0.940545
  1.96347 0.652255 0.764774
  0.63714 0.24976 -0.142234
  0.189887 -0.417674 -1.21615
  -1.3693 0.262116 -0.663902
  -1.66794 1.34258 1.03625
  0.0747798 0.622185 0.0616578
  -0.292759 -0.473951 -1.39402
  0.230967 -0.255208 -1.00798  