  0.334757 0.0227675 1.45131
  0.230482 -0.629902 2.10077
  -0.987773 1.1333 5.2415
  0.225141 -2.61015 14.2015
  1.42352 -0.998329 6.28687
  0.00295134 1.04621 2.63999
  -0.410767 0.151934 1.65735
  0.75995 0.691284 1.84973
  -0.536114 -0.140021 1.5936
  2.20158 0.306695 5.93914
  3.66426 -0.517949 17.3139
  0.145878 -0.839989 2.79152
  0.172576 -0.157722 1.28165
  -1.11962 0.977093 4.97582
  0.720966 -0.147563 2.06822
  -1.58162 -0.611689 4.29598
  0.434668 -0.431858 2.12421
  -1.44003 0.388905 4.51654
  -0.722113 -0.389609 2.06546
  0.565113 0.375722 1.49823
  -0.653094 1.48299 5.86448
  -0.342189 0.0357684 1.5392
  -0.797131 -1.09451 3.82217
  0.136917 -1.39976 5.08817
  0.521564 2.36879 9.51408
  -0.026644 0.346103 1.30278
  0.612927 -1.30571 5.44264
  -0.0279092 -0.572077 2.15566
  0.31441 -0.378272 1.59536
  -0.0578562 -1.72808 6.75806
  0.448386 2.82888 13.5923
  0.58826 -3.36903 23.663
  -0.485937 0.645853 2.43735
  0.85257 -1.42963 6.75188
  0.0463444 -0.369292 1.70615
  1.52159 1.21916 4.46588
  -0.582316 -0.0928036 1.80535
  -1.03297 -0.0825729 2.59595
  0.108916 -1.36815 5.02799
  -0.0713487 0.894985 2.58967
  -0.240895 1.29094 4.06867
  0.749584 -0.734304 3.45738
  -1.77226 2.15657 15.1917
  -1.46393 1.03846 6.39383
  0.814457 -0.979131 4.25406
  0.671288 -0.823017 3.31947
  1.65701 1.34045 5.01941
  0.361699 -1.16098 4.23633
  0.719746 0.810206 2.2513
  -0.222544 0.185031 1.54746
  -0.63098 1.03078 3.86675
  0.0263915 0.59051 1.88672
  0.743386 0.467894 1.5219
  -1.16763 -1.80588 7.55069
  1.09433 -0.850939 4.67213
  -0.567665 -0.179154 1.75698
  -1.53837 0.320766 4.43193
  -0.685951 -0.96825 3.25097
  -0.734429 -0.266058 1.9744
  -0.189732 -0.871804 2.60432
  -0.341524 -0.493379 1.85641
  -0.274128 -0.532787 1.9954
  -0.323039 1.39275 4.95341
  -0.646843 -1.18573 4.0708
  0.27226 1.04889 2.57071
  0.210391 0.470634 1.58166
  -0.0487454 0.23028 1.19342
  -1.32838 -0.751246 3.78088
  0.0471715 0.376634 1.53254
  -0.067313 -1.29389 4.48272
  -0.683699 -1.16824 3.98014
  -0.371894 0.801037 2.71951
  -0.0280885 -0.0905084 1.15942
  -0.146965 -0.040832 1.17415
  -1.26655 1.16073 6.41083
  1.67806 0.725724 3.80554
  -0.0319003 0.29757 1.53079
  0.137381 -0.0246048 1.05577
  0.983212 2.10651 7.62581
  1.64292 -1.17335 8.16751
  0.0838462 -0.544718 1.80186
  0.618463 -0.304293 1.91427
  0.163402 0.418003 1.46729
  1.05347 1.62816 5.22764
  -0.809038 -0.302339 2.11754
  0.681102 -0.159773 1.77624
  -0.72699 1.26954 5.10234
  0.0796653 0.22477 1.32959
  0.358253 1.11738 3.03413
  0.804188 0.787175 2.16991
  -0.000367987 -0.565748 2.05367
  0.210898 0.256704 1.30963
  -1.01208 0.833597 4.14644
  1.66417 0.843258 3.90395
  0.720359 0.125918 1.84863
  0.469472 -0.180471 1.59201
  0.173645 -0.147719 1.1192
  -1.63699 0.0261652 4.46245
  1.15828 0.101263 2.40571
  -1.26212 -1.45129 5.75911  