
  -0.51888 0.885183 3.17609
  -1.77407 2.59701 -12.4279
  0.28571 0.278883 -11.657
  -1.27392 -1.63446 -3.884
  1.94745 -0.429195 -5.86886
  0.243402 1.22919 2.49479
  -0.984818 1.58151 -3.71055
  -1.21915 0.890071 -4.64529
  0.48137 0.468678 8.96505
  -0.421353 0.323877 1.57611
  0.478897 -0.396086 -0.611955
  -0.411129 1.78651 6.63723
  -1.72308 0.579183 -9.12938
  -1.1382 1.50841 -6.99623
  -0.655179 -0.731725 -0.659526
  0.285129 -0.889403 -7.82937
  -1.07787 1.90033 -2.81075
  -0.477586 0.89285 1.97119
  0.314457 0.175599 3.45911
  -0.85362 -0.411583 0.407798
  1.40285 -0.723736 -1.07985
  -0.788532 0.148538 7.41459
  1.73912 -0.233704 -2.88987
  -0.986195 1.36939 1.1783
  -0.512656 0.924313 4.2762
  1.29677 -1.38398 -5.79764
  -1.58596 1.00765 1.74031
  0.504669 0.590522 -8.72104
  -0.00120672 -0.305846 -2.62191
  -1.01952 0.225198 4.2342
  0.343272 0.587102 -3.10766
  1.32868 -0.637344 -10.5293
  0.772995 1.01993 -1.6031
  -1.11281 0.0459654 8.60577
  1.31702 -0.466066 3.82358
  0.248266 -0.101037 1.29082
  -0.325963 0.620736 -6.51985
  0.352364 2.02737 10.8182
  0.327286 -0.261041 0.756042
  -0.719762 1.31365 7.09831
  3.06159 0.443658 -18.4912
  0.500292 -0.241677 0.803637
  0.423105 0.222761 1.31151
  -0.942193 1.85702 4.31119
  0.238575 -0.927295 -2.34618
  0.732985 -1.2885 -2.20806
  0.298003 0.32621 0.0420246
  -0.622959 0.714525 0.741351
  -0.794785 -0.109537 1.12729
  1.97284 0.220322 -24.9507  